1641636702618 9.284662082791328 0
1641636705334 2.4025796446949244 0
1641636708078 1.5429363120347261 0
1641636711312 1.469867303967476 0
1641636714739 1.4079484390094876 0
1641636717917 1.1150192003697157 0
1641636720510 1.2484047329053283 0
1641636723095 0.8576595573686063 0
1641636726074 1.077698776498437 0
1641636728661 1.1540178675204515 0
1641636731959 1.3949977001175284 0
1641636735225 1.0019612964242697 0
1641636742515 0.733538530766964 0
1641636745933 0.6747734150849283 0
1641636749190 0.9306392166763544 0
1641636751732 0.7158551597967744 0
1641636754228 1.0612464975565672 0
1641636756660 0.5946793244220316 0
1641636759009 0.728484767023474 0
1641636761486 0.8048103773035109 0
1641636764307 0.8459084783680737 0
1641636766877 0.4841292684432119 0
1641636769354 0.5304066580720246 0
1641636771513 0.88224106002599 0
1641636778666 0.4201955161988735 0
1641636780340 0.7058908231556416 0
1641636782116 0.7209382602013648 0
1641636784242 0.3053038672078401 0
1641636786345 0.4495805478654802 0
1641636788535 0.36584274494089186 0
1641636790011 0.5038569797761738 0
1641636791639 0.5237346049398184 0
1641636792912 0.4773627151735127 0
1641636794257 0.39900775300338864 0
1641636796293 0.5884305573999882 0
1641636797796 0.4944381071254611 0
1641636803255 0.32341224141418934 0
1641636806451 0.4300075815990567 0
1641636808774 0.534079154022038 0
1641636811102 0.3631140280049294 0
1641636813287 0.42769868741743267 0
1641636815738 0.4099226789548993 0
1641636818646 0.3123492351733148 0
1641636821174 0.47298395656980574 0
1641636823689 0.4230588674545288 0
1641636826270 0.3842383739538491 0
1641636828914 0.6244764663279057 0
1641636832103 0.4182709672022611 0
