1641627085173 9.13449190557003 0
1641627086647 3.555309260264039 0
1641627088216 1.538747106678784 0
1641627089745 1.420245156623423 0
1641627091000 1.4500620309263468 0
1641627092628 1.3480925699695945 0
1641627094498 1.4242877950891852 0
1641627096548 1.1295442236587405 0
1641627098224 0.8117700344882905 0
1641627100139 1.1923511046916246 0
1641627101778 1.0394708951935172 0
1641627103414 1.2184933293610811 0
1641627107180 1.0142873506993055 0
1641627108503 0.848452327772975 0
1641627109845 0.7673466461710632 0
1641627111137 1.2047188356518745 0
1641627112409 0.8268291130661964 0
1641627113702 0.7374228443950415 0
1641627114990 1.092175138182938 0
1641627116263 1.074869534932077 0
1641627117597 1.12378248013556 0
1641627118878 0.5298353498801589 0
1641627120196 0.8148896158672869 0
1641627121501 0.8833287283778191 0
1641627124886 0.4818066081497818 0
1641627126232 0.6556540611200035 0
1641627127459 0.30708490521647036 0
1641627128833 0.49609976122155786 0
1641627130181 0.663309299852699 0
1641627131500 0.7284971652552485 0
1641627132790 0.7035767775960267 0
1641627134003 0.6551041733473539 0
1641627135263 0.42654501157812774 0
1641627136589 0.5715020233765244 0
1641627137857 0.5699041648767889 0
1641627139408 0.4059069906361401 0
1641627143439 0.36921954597346485 0
1641627144757 0.4693165828939527 0
1641627146089 0.40574988815933466 0
1641627147452 0.49768545432016253 0
1641627148751 0.3985320799984038 0
1641627150197 0.4497659974731505 0
1641627151522 0.6209944258444011 0
1641627153034 0.24406256852671504 0
1641627154787 0.5294896545819938 0
1641627156480 0.47338855802081525 0
1641627157743 0.7385558565147221 0
1641627159070 0.661222729831934 0
