1641626854347 9.025591425597668 0
1641626855812 2.4379712995141745 0
1641626857350 3.058380214497447 0
1641626858912 3.3264888916164637 0
1641626860212 1.9422898767516017 0
1641626861788 2.5971243157982826 0
1641626863067 2.4673037696629763 0
1641626864491 2.1096046548336744 0
1641626865797 1.5161415794864297 0
1641626866940 1.359925721772015 0
1641626868505 1.4405945548787713 0
1641626870043 0.9960293537005782 0
1641626873940 1.7296551959589124 0
1641626875486 1.3255577068775892 0
1641626876861 2.1316292695701122 0
1641626878288 1.207573339343071 0
1641626879860 1.1325355153530836 0
1641626881540 0.7543339743278921 0
1641626883001 0.9259223588742316 0
1641626884261 1.121801440604031 0
1641626885414 1.139218918979168 0
1641626886604 1.1584312887862325 0
1641626887833 0.7433794671669602 0
1641626889146 1.1501276167109609 0
1641626892488 0.8044263813644648 0
1641626893709 0.6477999268099666 0
1641626894999 0.5601291195489466 0
1641626896187 0.9247247944585979 0
1641626897538 0.8575576357543468 0
1641626898871 0.3967644879594445 0
1641626900163 0.6444354075938463 0
1641626901457 0.5220333114266396 0
1641626902947 0.7649438921362162 0
1641626904388 0.5171003867872059 0
1641626905888 0.6895624101161957 0
1641626907571 0.5304546793922782 0
1641626911242 0.7925922982394695 0
1641626912626 0.5198119906708598 0
1641626914144 0.6114842835813761 0
1641626915646 0.4260073183104396 0
1641626917106 0.5333793233148754 0
1641626918656 0.5410087760537863 0
1641626920068 0.5743748624809086 0
1641626921284 0.602482003159821 0
1641626922577 0.6268192082643509 0
1641626923796 0.37645490374416113 0
1641626925256 0.6517074070870876 0
1641626926772 0.44523406540974975 0
