1641626779387 9.100970812141895 0
1641626780675 3.830407513305545 0
1641626781884 1.9203047268092632 0
1641626782923 1.787956920452416 0
1641626783967 1.534871757030487 0
1641626785028 0.8706983644515276 0
1641626786074 1.2260813964530826 0
1641626787144 1.2073024408891797 0
1641626788236 1.179770566523075 0
1641626789297 1.0692800860852003 0
1641626790479 0.9001747239381075 0
1641626791640 0.9855489479377866 0
1641626794958 0.9205442620441318 0
1641626796120 0.9277822682633996 0
1641626797409 0.6848255870863795 0
1641626798696 0.7531989831477404 0
1641626800151 0.5406803684309125 0
1641626801512 1.0460229823365808 0
1641626802680 0.5566097679547966 0
1641626803904 0.493352476041764 0
1641626804999 0.4859392356593162 0
1641626806267 0.49592088907957077 0
1641626807705 0.6460970034822822 0
1641626809181 0.6596747552976012 0
1641626812932 0.5036253132857382 0
1641626814431 0.5738953477703035 0
1641626815815 0.7067694677971303 0
1641626817048 0.6738192751072347 0
1641626818249 0.650449946988374 0
1641626819631 0.45720452908426523 0
1641626820959 0.7865786901675165 0
1641626822469 0.4825969226658344 0
1641626823805 0.3976861189585179 0
1641626825120 0.7043200894258916 0
1641626826432 0.2759761700872332 0
1641626827916 0.47780360910110176 0
1641626831729 0.5191744421608746 0
1641626833110 0.5252777482382953 0
1641626834441 0.49604871310293674 0
1641626835898 0.43352507054805756 0
1641626837390 0.5586936604231596 0
1641626838776 0.36594265839084983 0
1641626840198 0.41606996092014015 0
1641626841874 0.5290886620059609 0
1641626843315 0.6582717760466039 0
1641626844657 0.5592569941654801 0
1641626846009 0.6228121928870678 0
1641626847300 0.3539079916663468 0
