1641636523923 9.20893345028162 0
1641636526073 3.50201060064137 0
1641636529146 1.6070372657850385 0
1641636531808 1.7623195890337229 0
1641636534242 1.793472096323967 0
1641636537168 1.3440819457173347 0
1641636539777 1.116872183047235 0
1641636543001 1.618650509044528 0
1641636546284 0.9875441901385784 0
1641636549573 1.1002699611708522 0
1641636552757 1.2048771604895592 0
1641636555891 0.7357951835729182 0
1641636563255 0.8089608163572848 0
1641636566543 1.0133296018466353 0
1641636569513 0.8466062135994434 0
1641636572449 0.9629773558117449 0
1641636575398 0.9524627821519971 0
1641636578490 1.0443440405651927 0
1641636581760 0.7559641962870955 0
1641636584969 0.8840073714964092 0
1641636588223 0.7020925986580551 0
1641636591536 0.8734458824619651 0
1641636594725 0.6152508431114256 0
1641636597928 0.6574283470399678 0
1641636606596 1.031111110933125 0
1641636609807 0.6224630633369088 0
1641636613084 0.6475780392065644 0
1641636616318 0.5159081192687154 0
1641636619466 0.5807561101391912 0
1641636622828 0.7348834769800305 0
1641636625819 0.4481570213101804 0
1641636628713 0.5854550399817526 0
1641636632016 0.7195606012828648 0
1641636635122 0.6307036383077502 0
1641636638213 0.44823327334597707 0
1641636641464 0.6473487592302263 0
1641636649132 0.3489944210741669 0
1641636651968 0.3973756392952055 0
1641636655376 0.45831588795408607 0
1641636658660 0.6807746831327677 0
1641636661884 0.5236017750576138 0
1641636665120 0.4454018780961633 0
1641636668426 0.4154055204708129 0
1641636671714 0.6907975184731185 0
1641636674999 0.5479193641804159 0
1641636678302 0.5328318802639842 0
1641636681609 0.45296247117221355 0
1641636684853 0.5938201793469489 0
