1641627166205 9.025536477565765 0
1641627167940 2.080988371744752 0
1641627169528 1.6371645033359528 0
1641627171946 1.6977896448224783 0
1641627174020 1.2053712271153927 0
1641627175915 0.9804414585232735 0
1641627177578 1.2936044950038195 0
1641627178912 1.1868852889165282 0
1641627180529 0.979833654128015 0
1641627181901 0.893368327524513 0
1641627183205 1.0111684678122401 0
1641627184645 1.2323748087510467 0
1641627188169 0.7937040645629168 0
1641627189707 0.8693715208210051 0
1641627191351 0.9850108763203025 0
1641627192815 0.5744448280893266 0
1641627194195 0.889209215529263 0
1641627195550 1.2047404889017344 0
1641627196796 0.47756839194335043 0
1641627198181 0.9628200205042958 0
1641627199487 0.86890411330387 0
1641627200795 0.4764525801874697 0
1641627202073 0.35125325666740537 0
1641627203744 0.671883171889931 0
1641627208475 0.5138443666510284 0
1641627209956 0.41677244007587433 0
1641627211328 0.5019388045184314 0
1641627212737 0.6972363917157054 0
1641627214186 0.677620351780206 0
1641627215589 0.5399594665504992 0
1641627216997 0.4480565257836133 0
1641627218322 0.49665727419778705 0
1641627219664 0.5701239570043981 0
1641627221067 0.38548014708794653 0
1641627222398 0.6655603647232056 0
1641627223644 0.7828254601918161 0
1641627227294 0.42440733523108065 0
1641627228872 0.387117121135816 0
1641627230269 0.40849525248631835 0
1641627231674 0.35405484959483147 0
1641627232901 0.6370593328028917 0
1641627234268 0.746070989407599 0
1641627235524 0.637209799606353 0
1641627236845 0.32540850224904716 0
1641627238256 0.5160606815479696 0
1641627239911 0.5411293241195381 0
1641627241533 0.3554543654900044 0
1641627243130 0.3830942732747644 0
