1641636849125 9.205201640725136 0
1641636852381 2.476259833201766 0
1641636855645 2.5377406273037195 0
1641636858942 1.3997117057442665 0
1641636862167 1.458891318179667 0
1641636865377 1.3817274011671543 0
1641636868568 0.8117100223898888 0
1641636871831 0.8647921495139599 0
1641636875101 0.8486529695801437 0
1641636878324 1.082052942365408 0
1641636881666 0.8542242576368153 0
1641636884854 1.1175599647685885 0
1641636893690 0.7593530463054776 0
1641636896860 0.6521194009110332 0
1641636900081 0.7341880118474364 0
1641636903306 0.6939262966625392 0
1641636906738 0.3835285606328398 0
1641636910072 0.5392361781559885 0
1641636913432 0.7028732798062265 0
1641636916543 0.5915143410675228 0
1641636919838 0.6373358773998916 0
1641636923187 0.7030240958556533 0
1641636926480 0.5050140898674726 0
1641636929764 0.3402971487957984 0
1641636938624 0.32062403624877334 0
1641636941961 0.32062589889392257 0
1641636945251 0.4425303195603192 0
1641636948521 0.43156006722711027 0
1641636951759 0.2525301242712885 0
1641636954926 0.6450176006183028 0
1641636958197 0.2970449277199805 0
1641636961486 0.3259021614212543 0
1641636964697 0.4836600855924189 0
1641636967793 0.4859466862399131 0
1641636970855 0.3409391501918435 0
1641636974240 0.38130313623696566 0
1641636982746 0.3745149006135762 0
1641636985918 0.2332469157408923 0
1641636989134 0.39642906631343067 0
1641636992299 0.6024519097991288 0
1641636995459 0.4447676183190197 0
1641636998640 0.33303178497590125 0
1641637001864 0.20805267558898777 0
1641637005100 0.6916762213222682 0
1641637008323 0.3147696261294186 0
1641637011573 0.3097234002780169 0
1641637014807 0.5637684953399003 0
1641637017932 0.20836273324675858 0
