1641625691608 9.32147353887558 0
1641625692557 4.227657336741686 0
1641625693485 1.893349806778133 0
1641625694643 1.4920855173841119 0
1641625695809 1.7401310615241528 0
1641625696929 1.3145143166184425 0
1641625698037 1.0733245871961117 0
1641625699132 1.0774882975965738 0
1641625700188 1.4662727480754256 0
1641625701253 1.0165910935029387 0
1641625702321 1.1790802236646414 0
1641625703394 1.0386747308075428 0
1641625706363 1.082811737433076 0
1641625707623 1.276634749956429 0
1641625708914 0.7326495251618326 0
1641625710100 1.0065085953101516 0
1641625711306 1.1125653982162476 0
1641625712481 0.9404315496794879 0
1641625713660 0.8181247976608574 0
1641625714720 1.244650105945766 0
1641625715744 0.9771873010322452 0
1641625716788 0.8085909648798406 0
1641625717798 0.6036603590473533 0
1641625719042 0.797980697825551 0
1641625721956 0.6304919370450079 0
1641625723128 0.9865323081612587 0
1641625724179 0.9528467780910432 0
1641625725338 0.8245799108408391 0
1641625726659 0.9120788890868425 0
1641625727910 0.7680563139729202 0
1641625729072 0.9197069448418915 0
1641625730296 0.7333951652981341 0
1641625731565 0.6097549921832979 0
1641625732817 0.9350803447887301 0
1641625734058 0.8012125617824495 0
1641625735261 1.0985509725287557 0
1641625738703 0.5861949175596237 0
1641625740024 0.503152550663799 0
1641625741308 1.0202392004430294 0
1641625742383 0.579005223698914 0
1641625743422 0.6396510871127248 0
1641625744477 0.6642314838245511 0
1641625745667 0.6359823746606708 0
1641625746975 0.566066475585103 0
1641625748235 0.5698017776012421 0
1641625749523 0.7075090543366969 0
1641625750801 0.7945195538923144 0
1641625752086 0.6386750028468668 0
