1641626711413 9.044090285897255 0
1641626712496 3.7931192200630903 0
1641626713570 2.1043524611741304 0
1641626714884 1.3355895644053817 0
1641626715939 1.2271278537809849 0
1641626717248 1.5910902293398976 0
1641626718547 1.155605656094849 0
1641626720010 1.2563172494992614 0
1641626721288 1.2810624903067946 0
1641626722443 1.1418323265388608 0
1641626723570 1.0248343460261822 0
1641626724791 1.06096884701401 0
1641626727872 1.4841209631413221 0
1641626728960 1.075073378160596 0
1641626730103 0.6330875912681222 0
1641626731229 0.9722498944029212 0
1641626732331 1.0590121382847428 0
1641626733689 1.0213757632300258 0
1641626735185 1.3063823571428657 0
1641626736605 0.8877038490027189 0
1641626737678 0.8715097792446613 0
1641626739027 1.3471218990162015 0
1641626740429 1.0784080950543284 0
1641626741613 0.9538290905766189 0
1641626744574 0.7507988484576344 0
1641626745628 0.6674413452856243 0
1641626746649 0.875717552844435 0
1641626747675 1.1792187578976154 0
1641626748763 0.7257553515955806 0
1641626749846 0.6616666214540601 0
1641626750890 0.8938374812714756 0
1641626751955 0.5426655989140272 0
1641626752980 0.8091728086583316 0
1641626754003 0.8327960385940969 0
1641626755005 0.7165575516410172 0
1641626756140 0.6309282616712153 0
1641626759328 0.7509946008212864 0
1641626760712 0.7581752724945545 0
1641626762091 0.5308117833919823 0
1641626763377 0.5020467797294259 0
1641626764634 0.7819047314114869 0
1641626765762 0.6116646691225469 0
1641626766879 0.5141106084920466 0
1641626768018 0.7292469963431358 0
1641626769147 0.6488683866336942 0
1641626770241 1.0604937560856342 0
1641626771413 0.7499187486246228 0
1641626772530 0.5684535135515034 0
