1641620670326 9.161943569779396 0
1641620673331 3.9356756024062634 0
1641620676586 1.7980365082621574 0
1641620679859 1.7309270333498716 0
1641620682956 1.3069581473246217 0
1641620686162 1.4787897234782577 0
1641620689347 1.0147425346076488 0
1641620692565 1.0834482964128256 0
1641620695759 1.220381585881114 0
1641620698999 1.520624035038054 0
1641620702217 0.8174210088327527 0
1641620705323 1.5723578399047256 0
1641620713728 1.388120581395924 0
1641620716870 1.1065808357670903 0
1641620719985 0.9247898706234992 0
1641620723115 0.8938286337070167 0
1641620726130 0.8265351061709225 0
1641620729314 0.9359573014080524 0
1641620732472 0.951739028096199 0
1641620735641 1.3947514817118645 0
1641620738674 0.8459743694402277 0
1641620741793 0.9757672087289393 0
1641620744978 0.7000257610343397 0
1641620748103 0.6197743350639939 0
1641620756201 0.9135381551459432 0
1641620759495 0.9506549104116857 0
1641620762714 1.1323312064632773 0
1641620765924 0.6695903721265495 0
1641620769077 0.6808264879509807 0
1641620772191 0.7477157632820308 0
1641620775210 0.9731967584230006 0
1641620778300 0.747719663195312 0
1641620781492 0.7388056255877018 0
1641620784739 0.8133564260788262 0
1641620787922 0.5936927045695484 0
1641620791226 0.8374728495255113 0
1641620799546 0.8584343595430255 0
1641620802704 0.7087879930622876 0
1641620805921 0.6571731064468622 0
1641620809047 0.5575473187491298 0
1641620812316 0.5576315452344716 0
1641620815568 0.6998661556281149 0
1641620818782 0.6756564253009856 0
1641620821778 0.7136564236134291 0
1641620824965 0.7831883849576116 0
1641620828134 0.44760905439034104 0
1641620831279 0.7239016122184694 0
1641620834394 0.5858923541381955 0
