1641626525451 9.182409383356571 0
1641626526455 4.1694496758282185 0
1641626527500 2.0242228638380766 0
1641626528715 1.8183693755418062 0
1641626530014 1.7127220053225756 0
1641626531218 1.183267799206078 0
1641626532518 1.267790561541915 0
1641626533738 1.6600778326392174 0
1641626535119 1.239880919456482 0
1641626536526 1.0711484355852008 0
1641626537819 1.0061761131510139 0
1641626539084 1.1601971928030252 0
1641626542628 1.1004096595570445 0
1641626543871 0.604861241299659 0
1641626545245 1.567660248838365 0
1641626546507 0.9603892103768885 0
1641626547713 0.9506750502623618 0
1641626549135 0.6191646098159254 0
1641626550435 0.8693321142345667 0
1641626551762 0.795842963270843 0
1641626553147 0.7766013732179999 0
1641626554480 1.1032444890588522 0
1641626555672 0.8736388408578932 0
1641626557037 0.6865716422908008 0
1641626560567 0.6721576792187989 0
1641626561824 0.713051063939929 0
1641626563149 0.7040202617645264 0
1641626564451 0.9594417060725391 0
1641626565751 0.6111155962571502 0
1641626567134 0.8690627291798592 0
1641626568535 0.7138161454349756 0
1641626569801 0.8659074665047228 0
1641626571110 0.9748670272529125 0
1641626572364 0.5057072266936302 0
1641626573643 0.6284165428951383 0
1641626574972 0.4724998725578189 0
1641626578374 0.7797467987984419 0
1641626579852 0.6765477010048926 0
1641626581264 0.7627789746038616 0
1641626582638 0.6952864932827652 0
1641626584152 0.6924525951035321 0
1641626585493 0.664740102365613 0
1641626586853 0.5892866174690425 0
1641626588171 0.5656146677210927 0
1641626589509 0.7022183854132891 0
1641626590853 0.45257751480676234 0
1641626592256 0.5854492774233222 0
1641626593655 0.9987209923565388 0
