1641627014456 9.179172106087208 0
1641627015462 3.6422035191208124 0
1641627016546 1.9050383707508445 0
1641627017704 1.1854987824335694 0
1641627019041 1.449659583158791 0
1641627020405 1.2934934347867966 0
1641627021669 1.1975116794928908 0
1641627022849 1.286179875023663 0
1641627024074 1.2183496728539467 0
1641627025255 1.3937182957306504 0
1641627026498 1.1630859225988388 0
1641627027645 1.2089544907212257 0
1641627031051 1.0045679518952966 0
1641627032191 0.8891772013157606 0
1641627033277 0.9218114428222179 0
1641627034412 0.7355059497058392 0
1641627035537 1.0156588396057487 0
1641627036597 1.1886501451954246 0
1641627037688 0.9310722816735506 0
1641627038846 1.1881700484082103 0
1641627039963 0.9156519081443548 0
1641627041111 0.7805232889950275 0
1641627042202 1.0895236628130078 0
1641627043266 1.1419591028243303 0
1641627046013 0.6357937236316502 0
1641627047100 0.8004284463822842 0
1641627048176 0.8521963027305901 0
1641627049215 0.6657931371591985 0
1641627050290 0.8251327672041953 0
1641627051401 0.6488370127044618 0
1641627052437 0.8057820959948003 0
1641627053525 0.7590785971842706 0
1641627054558 0.7201391854323447 0
1641627055638 0.6388362380675972 0
1641627056744 0.5363721866160631 0
1641627057780 0.4847527598030865 0
1641627060643 0.9432241786271334 0
1641627061879 0.5746115348301828 0
1641627063500 0.701426703017205 0
1641627064636 0.5596789414994419 0
1641627065727 0.33213081769645214 0
1641627066895 0.6220671348273754 0
1641627069007 0.7727781776338816 0
1641627070928 0.6483556935563684 0
1641627072822 0.4938140627928078 0
1641627074293 0.6511735264211893 0
1641627075580 0.7864357903599739 0
1641627076927 0.3259676741436124 0
