1641636389502 9.170802310109138 0
1641636390922 3.5361635964363813 0
1641636392313 2.459566807374358 0
1641636393542 1.5733676264062524 0
1641636394795 1.4696840662509203 0
1641636396205 1.620335504412651 0
1641636397474 1.3252043863758445 0
1641636398695 1.1589586501941085 0
1641636399911 1.1833515018224716 0
1641636401192 0.9451858350075781 0
1641636402469 1.1184306349605322 0
1641636404291 1.1106353485956788 0
1641636411829 0.7235317607410252 0
1641636414289 0.6230331491678953 0
1641636417375 0.7213565404526889 0
1641636420118 1.2182125356048346 0
1641636422642 0.8176721166819334 0
1641636425602 1.134937279857695 0
1641636428504 0.8373417658731341 0
1641636431544 0.8385052205994725 0
1641636434031 0.8210006053559482 0
1641636437461 1.08443689532578 0
1641636439997 0.9475489496253431 0
1641636442735 0.7599492673762143 0
1641636451039 0.7846986991353333 0
1641636453895 0.6175861926749349 0
1641636457330 0.5842039245180786 0
1641636459527 0.6054294062778354 0
1641636461476 0.9409857448190451 0
1641636463366 0.45974121894687414 0
1641636465054 0.7725651958025992 0
1641636466370 0.8673786651343107 0
1641636467607 0.5806977860629559 0
1641636470272 0.815727049484849 0
1641636473413 0.4677358374465257 0
1641636476558 1.0617804946377873 0
1641636484987 0.6472364184446633 0
1641636488455 0.5244237836450338 0
1641636491287 0.7512459415011108 0
1641636493423 0.5758131737820804 0
1641636495689 0.8360259234905243 0
1641636498363 0.484090851387009 0
1641636500921 0.5732912104576826 0
1641636503911 0.7848649984225631 0
1641636506946 0.4830254474654794 0
1641636509159 0.4650069458875805 0
1641636511070 0.4786043718922883 0
1641636512873 0.48024734132923186 0
