1641627249363 9.084876626729965 0
1641627250526 2.440219046548009 0
1641627251618 2.051432617008686 0
1641627252742 1.2861653231084347 0
1641627253863 1.2674805475398898 0
1641627254961 1.2506943894550204 0
1641627256315 1.3226497685536742 0
1641627257917 1.2359723914414644 0
1641627259282 0.8111913921311498 0
1641627260482 1.2225600657984614 0
1641627261741 0.8508653263561428 0
1641627263265 0.6784844445064664 0
1641627266858 0.6490513915196061 0
1641627268111 0.5449604359455407 0
1641627269392 0.6518177106045187 0
1641627270802 0.7243391592055559 0
1641627272226 0.31512591522186995 0
1641627273641 0.5376657354645431 0
1641627274842 0.7868992979638278 0
1641627276120 0.4531709710136056 0
1641627277377 0.49447541823610663 0
1641627278731 0.4630181647371501 0
1641627280087 0.6697133649140596 0
1641627281524 0.4597234074026346 0
1641627285079 0.3033924149349332 0
1641627287028 0.6414943491108716 0
1641627288399 0.4418102034833282 0
1641627289804 0.39557035779580474 0
1641627291013 0.5631226813420653 0
1641627292228 0.4791705578099936 0
1641627293443 0.2873839111998677 0
1641627294894 0.2287611278006807 0
1641627296871 0.42344839312136173 0
1641627298672 0.5356420879252255 0
1641627299963 0.329286209307611 0
1641627301354 0.5077896639704704 0
1641627304662 0.4896548925898969 0
1641627305908 0.2582655579317361 0
1641627307580 0.3202326188329607 0
1641627309489 0.2332967851543799 0
1641627310891 0.5318747716955841 0
1641627312516 0.2211482060374692 0
1641627313962 0.23119656543713063 0
1641627315548 0.49020216101780534 0
1641627317283 0.4737435083370656 0
1641627319246 0.3937900473829359 0
1641627321073 0.2961748105008155 0
1641627322926 0.22570521105080843 0
